[test]
send_address=mu6sokKBzH8oboY1io7AYfM8Le5AaxLr1y
send_amount=0.00001
op1_len=70
op2_len=58
fastfee=0.000023
slowfee=0.0000059
exp_n=43
interval=1000